======== RELATÓRIO DO LABIRINTO (MINOTAURO) ========
STATUS FINAL: MORREU PELO MINOTAURO
Rodada final: 119
----------------------------------------------------
TEMPO RESTANTE DE ENERGIA (Comida): 423 passos (Inteiros)
Arma do Entrante: 🔥
Armadura do Entrante: Nenhuma
----------------------------------------------------
SEQUÊNCIA DE VÉRTICES VISITADOS PELO PRISIONEIRO (119 vértices):
-> [(1, 1), (1, 2), (1, 3), (2, 3), (3, 3), (4, 3), (5, 3), (5, 4), 
   (5, 5), (5, 4), (5, 3), (5, 2), (5, 1), (6, 1), (7, 1), (8, 1), 
   (9, 1), (10, 1), (11, 1), (11, 2), (11, 3), (11, 2), (11, 1), (10, 1), 
   (9, 1), (8, 1), (7, 1), (6, 1), (5, 1), (5, 2), (5, 3), (6, 3), 
   (7, 3), (7, 4), (7, 5), (7, 6), (7, 7), (8, 7), (9, 7), (8, 7), 
   (7, 7), (7, 8), (7, 9), (6, 9), (5, 9), (5, 8), (5, 7), (5, 8), 
   (5, 9), (6, 9), (7, 9), (8, 9), (9, 9), (10, 9), (11, 9), (11, 10), 
   (11, 11), (11, 10), (11, 9), (10, 9), (9, 9), (8, 9), (7, 9), (7, 8), 
   (7, 7), (7, 6), (7, 5), (8, 5), (9, 5), (10, 5), (11, 5), (11, 6), 
   (11, 7), (12, 7), (13, 7), (13, 6), (13, 5), (13, 4), (13, 3), (14, 3), 
   (15, 3), (15, 2), (15, 1), (14, 1), (13, 1), (14, 1), (15, 1), (15, 2), 
   (15, 3), (14, 3), (13, 3), (13, 4), (13, 5), (13, 6), (13, 7), (14, 7), 
   (15, 7), (16, 7), (17, 7), (17, 6), (17, 5), (17, 4), (17, 3), (18, 3), 
   (19, 3), (19, 2), (19, 1), (18, 1), (17, 1), (18, 1), (19, 1), (19, 2), 
   (19, 3), (18, 3), (17, 3), (17, 4), (17, 5), (17, 6), (17, 7)]
----------------------------------------------------
RASTREAMENTO DO MINOTAURO:
 - Detecção do Prisioneiro: Rodada 118
 - Encontro (Alcançado): Rodada 119
 - Caminho Percorrido pelo Minotauro (durante a perseguição):
[(16, 7), (17, 7)]
====================================================
